function dx = duffing_network_dynamics(in1)
%DUFFING_NETWORK_DYNAMICS
%    DX = DUFFING_NETWORK_DYNAMICS(IN1)

%    This function was generated by the Symbolic Math Toolbox version 8.3.
%    28-May-2020 05:57:41

x1 = in1(1,:);
x2 = in1(2,:);
x3 = in1(3,:);
x4 = in1(4,:);
x5 = in1(5,:);
x6 = in1(6,:);
x7 = in1(7,:);
x8 = in1(8,:);
x9 = in1(9,:);
x10 = in1(10,:);
x11 = in1(11,:);
x12 = in1(12,:);
x13 = in1(13,:);
x14 = in1(14,:);
x15 = in1(15,:);
x16 = in1(16,:);
x17 = in1(17,:);
x18 = in1(18,:);
x19 = in1(19,:);
x20 = in1(20,:);
t2 = -x3;
t3 = -x5;
t4 = -x9;
t5 = -x11;
t6 = -x13;
t7 = -x15;
t8 = -x17;
t9 = -x19;
t10 = t2+x1;
t11 = t3+x1;
t12 = t4+x3;
t13 = t7+x1;
t14 = t5+x5;
t15 = t7+x3;
t16 = t5+x7;
t17 = t9+x1;
t18 = t6+x7;
t19 = t8+x5;
t20 = t8+x7;
t21 = t7+x9;
t22 = t6+x11;
t23 = t9+x7;
t24 = t8+x11;
t25 = t9+x11;
t26 = t8+x13;
t27 = t9+x13;
t28 = t9+x17;
t29 = t10.^3;
t30 = t11.^3;
t31 = t12.^3;
t32 = t13.^3;
t33 = t14.^3;
t34 = t15.^3;
t35 = t16.^3;
t36 = t17.^3;
t37 = t18.^3;
t38 = t19.^3;
t39 = t20.^3;
t40 = t21.^3;
t41 = t22.^3;
t42 = t23.^3;
t43 = t24.^3;
t44 = t25.^3;
t45 = t26.^3;
t46 = t27.^3;
t47 = t28.^3;
t48 = t33.*1.24787415953481;
t49 = t45.*1.480771390929564;
t50 = t46.*1.789286328395365;
t51 = t40.*1.344295066962181;
t52 = t41.*1.389707349601407;
t53 = t29.*1.383567023725868;
t54 = t38.*1.625480005760584;
t55 = t43.*1.631320566650555;
t56 = t42.*1.174844550501967;
t57 = t39.*1.824042681784745;
t58 = t37.*1.436718909838068;
t59 = t36.*1.335767720709519;
t60 = t35.*1.618682836440969;
t61 = t30.*1.881729127224937;
t62 = t47.*1.835197506010246;
t63 = t32.*1.270620487102625;
t64 = t34.*1.499216015072394;
t65 = t31.*1.695859042293303;
t66 = t44.*1.809755873662583;
dx = [x2;t53+t59+t61+t63-x1.*7.17741236581199e+1-x2.*7.632856970872057+x3.*1.511414748136099e+1+x4.*1.637309868984721+x5.*1.54806353975539e+1+x6.*1.255260619185544+x15.*1.270710787205445e+1+x16.*1.494028162772752+x19.*1.673471408424515e+1+x20.*1.293207466077844+x1.^3.*1.825307684652799;x4;-t53+t64+t65+x1.*1.511414748136099e+1+x2.*1.637309868984721-x3.*5.159827307801735e+1-x4.*6.586678861110494+x9.*1.3847106862314e+1+x10.*1.761170680992556+x15.*1.178333001933361e+1+x16.*1.445361968275485+x3.^3.*1.477648306426963;x6;t48+t54-t61+x1.*1.54806353975539e+1+x2.*1.255260619185544-x5.*6.386265421926394e+1-x6.*6.037322969388935+x11.*1.744679439604013e+1+x12.*1.466882859924246+x17.*1.204392694347102e+1+x18.*1.713268815331139+x5.^3.*1.768528741615179;x8;t56+t57+t58+t60-x7.*8.383403773030533e+1-x8.*7.551221448372583+x11.*1.467549635778673e+1+x12.*1.262776814697642+x13.*1.910649041349553e+1+x14.*1.149366774810319+x17.*1.529540519323176e+1+x18.*1.763717980779996+x19.*1.866739181490379e+1+x20.*1.663456025292563+x7.^3.*1.573733931563791;x10;t51-t65+x3.*1.3847106862314e+1+x4.*1.761170680992556-x9.*4.380859957936407e+1-x10.*4.309763232770531+x15.*1.59955055909815e+1+x16.*1.428259805524422+x9.^3.*1.049676319998289;x12;-t48+t52+t55-t60+t66+x5.*1.744679439604013e+1+x6.*1.466882859924246+x7.*1.467549635778673e+1+x8.*1.262776814697642-x11.*9.535715348791944e+1-x12.*8.38802380835099+x13.*1.769259131891928e+1+x14.*1.530162877994103+x17.*1.442525372343464e+1+x18.*1.217115213367469+x19.*1.362899367642486e+1+x20.*1.544204466504636+x11.^3.*1.082827845028722;x14;t49+t50-t52-t58+x7.*1.910649041349553e+1+x8.*1.149366774810319+x11.*1.769259131891928e+1+x12.*1.530162877994103-x13.*7.942484826399526e+1-x14.*7.196662658275095+x17.*1.19953073028106e+1+x18.*1.386418212303477+x19.*1.545171666969405e+1+x20.*1.795236058189574+x13.^3.*1.372235088223008;x16;-t51-t63-t64+x1.*1.270710787205445e+1+x2.*1.494028162772752+x3.*1.178333001933361e+1+x4.*1.445361968275485+x9.*1.59955055909815e+1+x10.*1.428259805524422-x15.*5.689209888404846e+1-x16.*5.694790403583644+x15.^3.*1.373100096542389;x18;-t49-t54-t55-t57+t62+x5.*1.204392694347102e+1+x6.*1.713268815331139+x7.*1.529540519323176e+1+x8.*1.763717980779996+x11.*1.442525372343464e+1+x12.*1.217115213367469+x13.*1.19953073028106e+1+x14.*1.386418212303477-x17.*7.79149844469249e+1-x18.*8.8242923089195+x19.*1.412669229166157e+1+x20.*1.611567604089037+x17.^3.*1.226925781786243;x20;-t50-t56-t59-t62-t66+x1.*1.673471408424515e+1+x2.*1.293207466077844+x7.*1.866739181490379e+1+x8.*1.663456025292563+x11.*1.362899367642486e+1+x12.*1.544204466504636+x13.*1.545171666969405e+1+x14.*1.795236058189574+x17.*1.412669229166157e+1+x18.*1.611567604089037-x19.*9.395130568639878e+1-x20.*9.856153641981477+x19.^3.*1.051917663966307];
